2146736120
2146223924
2145031286
2142273883
2142221551
2140771067
2138989049
2137065053
2136154471
2135590145
2134774599
2132476613
2132113104
2130087499
2129483279
2129236007
2124829558
2123777843
2119321804
2118232580
2117824764
2116361277
2114162109
2113854206
2112947033
2109984118
2108522817
2104568723
2103149059
2102476094
2099489960
2096924293
2096289181
2095266674
2094857672
2094668746
2093222517
2093216845
2089625939
2085067446
2083742946
2082509690
2081120531
2078155706
2076683744
2070291481
2069713945
2065818020
2057536196
2048848659
2048584661
2047766387
2046951003
2044066640
2036707014
2035146098
2034138850
2031258460
2030790622
2029453194
2028525934
2023706676
2023607283
2023210933
2020891005
2020341950
2017855543
2015663472
2011493535
2010339151
2003636655
1999981609
1999430837
1997314771
1996934134
1993187915
1991903525
1991732069
1991710317
1984615072
1983868500
1980630454
1979475357
1978850920
1975404975
1973936711
1972780869
1971503079
1971138295
1971037803
1970171462
1969374704
1967533559
1961469960
1960581278
1959889256
1959478060
1958623356
1957815886
1953403076
1951396034
1945790687
1945076359
1944881014
1944469802
1943888987
1941695416
1939421303
1936759766
1932184093
1931739643
1930436361
1929650510
1928394753
1926708710
1923287545
1922678294
1919454364
1919269700
1918847801
1914934425
1913682711
1912746424
1908637833
1908118465
1905963397
1904942802
1903681156
1902291079
1892078651
1891166878
1889491397
1888014008
1887634613
1886843170
1885133322
1884845060
1881454041
1874916524
1871348925
1869483643
1868111208
1864763145
1864120105
1863372160
1862918430
1860280066
1859257819
1858872473
1858094213
1855291445
1852676414
1849454242
1849083778
1847692030
1846436225
1846350769
1843252724
1841221190
1840461489
1838585443
1835341091
1828397476
1828200203
1823249554
1822533989
1818945014
1814521151
1812947690
1810439807
1809982337
1809298433
1808459040
1808001225
1806676473
1806618444
1803001251
1802510264
1800857112
1799282428
1779383914
1776726572
1774551774
1771504090
1769495962
1768616080
1767179167
1764233434
1763259801
1760401593
1758912903
1758365951
1758161869
1756625532
1755599896
1755125798
1754547906
1754265702
1753423830
1750832548
1750772165
1750160563
1750045496
1744449006
1736245959
1734285624
1732841613
1730441218
1728423317
1725667921
1720874857
1713842194
1711749583
1711078394
1710049583
1709304136
1708467625
1707480168
1707140418
1695598116
1694466437
1692623846
1689911500
1689615567
1687463738
1684306269
1681905624
1681527194
1680115136
1679590000
1678332848
1676791161
1673705578
1673149134
1672486121
1671577165
1670280433
1670174091
1669925327
1660734727
1659970372
1656183569
1655829523
1651992947
1642389627
1638452234
1634464136
1632590585
1632374069
1631153026
1628565309
1626922921
1624418737
1619784120
1618067348
1609498663
1606006170
1605355660
1604345291
1603019144
1601679284
1600832619
1598078424
1597896935
1597554822
1592428193
1592272583
1589940033
1588699185
1586277863
1584479733
1579753346
1579135253
1575685581
1574158361
1574104659
1573401159
1570780810
1567400874
1567092245
1566208205
1565089678
1562968931
1561935307
1556204728
1554360891
1554240156
1553937996
1553649731
1553338609
1552469940
1546412590
1540503845
1540382183
1540245541
1540196778
1534137659
1534095512
1534002284
1533010478
1532874209
1531577214
1528837020
1528039250
1527481406
1527059190
1522182583
1518697917
1514517486
1512823992
1512805086
1511196839
1510876602
1508545073
1507694998
1504815343
1502192336
1498556075
1493128988
1490931624
1489817393
1487753572
1487642286
1487267605
1486317740
1484271671
1480053534
1479791589
1479242756
1477970624
1474246675
1472020469
1471732566
1471396747
1469828140
1467366304
1467006462
1466621320
1466233372
1464852339
1456407686
1453809012
1453563005
1452950205
1451562963
1441041891
1435204953
1435029289
1421703042
1418444032
1416859283
1409892606
1405691810
1402600491
1400270908
1398327499
1398188751
1398021528
1395053560
1388625837
1388373561
1385867833
1383329607
1383142876
1380676672
1380474772
1379914907
1379701061
1376725172
1373740604
1368010893
1367932174
1360474404
1358498822
1351398791
1349486319
1347045355
1341496783
1341052384
1339277867
1337597416
1337269125
1334072090
1332117421
1328147981
1327006653
1326605828
1315201109
1313064408
1303310715
1298012331
1289663911
1287985096
1287785234
1286027675
1285066230
1283289164
1282137724
1281421759
1279299995
1279114650
1278884145
1277790686
1276859619
1276077550
1275501212
1275478222
1275017329
1273870303
1273482698
1272495875
1267650849
1267278204
1267156668
1265432072
1264174153
1261390209
1248611372
1242063988
1241767466
1238089749
1237129908
1236739487
1236409043
1234918419
1232987438
1230625540
1227458972
1226542623
1225100128
1223313099
1218019585
1217165465
1215850135
1211373093
1209277812
1207387258
1199153869
1195024431
1192570288
1187368832
1185274683
1179849908
1179443485
1178462081
1175029322
1173340094
1172429665
1171093304
1167105730
1164611109
1163783896
1162417254
1161984027
1159669235
1156715246
1153021361
1147394964
1143786796
1142695964
1141050981
1140953916
1140663851
1140011429
1139719516
1139052117
1138926649
1138297987
1137997397
1134153716
1131548684
1130982149
1127914593
1125956420
1123596630
1116763792
1112695763
1105608315
1103936833
1103816778
1099138616
1098818727
1098794699
1096601099
1090413176
1090404555
1088928042
1088147981
1088051219
1085547238
1082749212
1081388280
1078621960
1078037477
1070228313
1069087842
1066798582
1065048289
1063952965
1062712527
1061410627
1060780064
1059646523
1053728501
1053583528
1051881024
1049945586
1046776178
1044072386
1040334393
1039218646
1037988903
1037813270
1036357777
1035748329
1029693680
1023291837
1023099893
1023084452
1022938078
1022412482
1020732365
1020361686
1018674811
1017257639
1012474276
1009116372
1008510514
1004489221
998301231
997698203
994650023
992372795
991589602
990395478
988349696
986663338
984664703
983930945
983115010
981187422
971188246
963872578
963343818
962742427
962233554
957595600
956662737
955958622
955430100
953321967
944742755
941868919
941502883
937365044
931824906
929526683
929239269
925105429
921261316
915151504
914266010
913481402
913356900
913091189
912337278
911877852
911095035
911004776
910463413
897157539
893503527
891956175
889845987
889541340
888959596
888915934
883867534
883433870
883258038
878988264
877535573
875199828
875136031
874797809
870012339
869500356
865089731
865069382
861642531
857592983
857197500
854604302
853287609
850084333
849812430
849120416
832891197
828903006
825370096
823953863
823335785
820187547
819706896
816342101
813400861
809539922
806337208
803734626
803317296
799971592
798983418
798853213
795208715
794673386
792700146
790090665
783892151
782828544
781701050
780712800
780673980
776564032
775171809
770150514
769914171
766611311
765022666
761382045
757962160
756813084
751352873
750679539
743196477
743013104
742886454
742159509
738717399
738659078
730468044
730095130
729252037
717855627
716583551
716211043
715552385
713738065
713158266
711231662
710146412
709509900
708446523
707413147
706741033
706205567
703272012
701442479
700197793
699023560
697833697
697773975
697545398
695719552
692590616
687224974
683577894
683384069
680224515
678171230
677100691
673447914
673033869
669994515
665447956
664007905
663282271
660980451
658253208
656654040
655175658
652461534
646403753
646108448
638858821
638776082
635711865
634291460
633064384
629189444
627678652
624260769
621408741
619391766
618408761
615745335
614869957
612258972
609969203
609433879
606603821
599395850
598813058
593759597
592102346
589205521
588742201
581616873
579048453
578459118
578348644
577507480
576309544
572880477
572544626
568387618
565385801
564903375
563911794
562336503
561670796
558387518
553128637
551404376
551110900
550826988
546951076
544205388
543740509
542755038
542472991
541270935
539107204
537066257
535860392
534770998
534232205
532378815
532275213
531449281
530346712
529020084
524736490
523503797
521958785
521331011
517493968
516559082
515468184
513760083
512652589
511616436
510321911
506791777
505693502
503926257
501684038
500459778
498032925
497003847
495118391
486325979
478675433
477557155
474793052
468171351
465988347
465340923
464490074
460577107
458197042
458142701
456530854
454845417
447671559
441977364
438724974
436394143
435970530
434883196
433963803
432616349
431050849
430372412
430191978
428057935
427744512
426634105
423926789
423740047
420761675
420555670
417482481
409987605
407331127
406845961
405472061
404152623
402742658
402076041
401963682
401143346
399875853
397227490
396180004
395593735
387949190
386394094
386338696
380613014
380511495
377452668
375532062
371719311
370960566
369962029
366041906
364790545
357968571
354260116
353028489
350195607
349985770
347597347
344811827
342941837
342798871
338340122
338084576
332516811
327103543
326099139
323653576
323269180
322988669
321215593
319722921
319366908
315477636
314946430
312028231
311685269
309049797
308932719
308559823
305820238
304378146
302672009
299496095
299061635
297822168
295774714
290076241
287814420
287375857
286211588
283891357
283377724
282243217
282142941
281843142
281794235
278500739
277022117
272134479
270491171
264750662
263009251
259456763
258189847
256346200
254355106
249255971
248174476
243566450
241713810
238198819
235306496
230142123
229388166
228042581
228036712
226679479
226170816
225665775
222708720
222557256
218353853
215204082
214818773
214818515
213944358
213107913
212917264
212349826
211861607
211541328
211529338
207522171
206849322
204585848
203831623
201130720
200262873
197517120
197029116
196590185
195485105
194572336
184643860
182983525
180297838
177986989
175813649
173504777
171117732
170519086
167842525
167621775
166337349
166173723
166013775
165534026
165187060
163686045
161260329
159055406
158681240
154519605
151072094
149616399
148420766
144806508
142712596
142494146
139401255
134989330
134533033
124591569
124105183
123219784
122610929
121298254
116200261
115854913
115502996
115198917
114075474
112927501
108150452
107311921
106809102
105622028
103412443
102359300
99132168
99129118
95503809
90601500
88962916
88289277
84918006
81678531
81357393
81229150
79863283
79001558
78823235
78259650
77822154
71110881
69628217
69573981
66265457
65794247
63207512
61511821
54847600
51549563
51481350
50395699
48568938
48530652
45451118
45404993
45049188
42002192
41326752
40160639
39650155
27397662
24909024
13921391
12670380
12233908
6028329
4929282
4229319
3304884
1460319
137368
