907993815
1616304905
1947269811
1549806312
401845560
862581347
1918701079
41300907
1011034171
455201944
610868303
1466499782
1950484633
2094442262
432551883
586703159
633253123
1120317321
1120317321
2018928410
335421207
41300907
2129740752
1832413606
1242322194
335421207
1050202844
1802876255
976234053
536092717
502168383
1013130408
659825191
907993815
953714904
287987110
1433253295
1032345067
2128869540
112933197
1554328006
1596314453
1767046947
765531321
757271092
1731814752
1202430795
76432029
1616304905
1466499782
1240396135
1268088473
1560696933
288133022
156283729
1026353229
859945042
1654407527
948856131
156283729
1840181678
1280451270
1253385757
1030812810
2076591269
296695862
515633516
1804901146
1103156956
423922286
2051032880
1026353229
138875619
407316445
1162589316
1814698261
1629518305
1891735861
1090787629
1120317321
659825191
1929653908
1416395454
1955799162
1918701079
279652674
954199240
422224455
1416395454
811349981
1184986020
1873098424
287987110
1616304905
2119687643
1785564746
432551883
1103156956
471556795
1103156956
471556795
288133022
829315030
976234053
591104415
1966234531
1694333641
857254424
1090787629
1886639457
1694333641
156283729
1584461527
2128869540
356327763
365227039
1247661489
36597151
1654407527
1247661489
1654407527
811349981
594973206
1202430795
423922286
770726100
268450320
1767046947
994591401
1206683866
1714079516
1715887432
1202430795
1155987767
1306580304
1886639457
591104415
1128840180
987324476
1947269811
994591401
829315030
705638013
1120317321
1891735861
81506321
1306580304
457355376
1966234531
1032345067
1802876255
1153112330
407316445
1184986020
507125968
1416316315
1013130408
1918701079
1128840180
288133022
502168383
997362063
138875619
423922286
1543302417
953714904
757271092
1428272282
1888164270
909221992
1050202844
302112516
859945042
792019455
1560696933
1796248859
1840181678
1814698261
284930193
1950484633
1508793851
156283729
41300907
1788582965
1802876255
531748094
1694333641
2119687643
1190621066
954199240
2057757545
765531321
138875619
1202430795
1629518305
976234053
1802876255
997362063
507125968
1268088473
395194762
407316445
279652674
2021461699
1596314453
591104415
76076769
1982854538
1804901146
1982854538
400037408
1135252883
335421207
1654407527
1796248859
1466499782
1496115990
1918701079
1554328006
1796248859
246147579
279652674
1139092716
76076769
288133022
2128869540
1982854538
1162589316
284930193
268450320
138875619
1139092716
41300907
536092717
2047657241
1030812810
1253385757
1206683866
869486618
2076591269
41300907
611727899
1737108126
395194762
1026353229
1242322194
792019455
2033627568
362174061
112933197
407316445
1947269811
1609243062
1410760691
356327763
1788582965
1788582965
907993815
594973206
633253123
1788582965
1026353229
41300907
1030812810
112933197
432551883
423922286
1966234531
1966234531
401845560
1654407527
395194762
302112516
2051032880
279652674
987079367
610868303
994591401
296695862
1013130408
1560696933
2033627568
594973206
2076591269
1153305844
2043944841
1918701079
1888164270
284930193
1886639457
1433253295
1026353229
1731814752
1532634941
507125968
1120317321
2094442262
1433253295
2051032880
1253385757
1155987767
433118248
1560696933
1120317321
953714904
1804901146
2080704588
302112516
36597151
284930193
284930193
2062048454
1622569936
1070917933
41300907
685316113
471556795
1788582965
659825191
859945042
400037408
942122739
335421207
1737108126
1253385757
2128869540
110324300
268450320
1888164270
531748094
455201944
591104415
287987110
757271092
1306580304
710382870
1982854538
805844021
862581347
942122739
598242239
246147579
994591401
1560696933
1788582965
1929653908
1654407527
2128869540
942122739
2018928410
1202430795
1184986020
586703159
829315030
857254424
1891735861
954199240
89461001
364060666
2043944841
2076591269
1428272282
1918701079
531748094
1694333641
976234053
987324476
778302768
1155987767
1694333641
1410760691
1268088473
667352486
407316445
211431095
531748094
2043944841
1891735861
10768541
1025402481
1496115990
268450320
1947871139
302112516
948856131
1184986020
1731814752
1890081779
397890497
705638013
1609243062
1947871139
401845560
1190621066
1242322194
81506321
471556795
1135252883
515633516
2062048454
1549806312
457355376
1674878753
805844021
1247661489
1788582965
2076591269
397890497
1496115990
2076591269
1202430795
859945042
1947269811
2128869540
1804901146
432551883
633253123
829315030
1040445497
1184986020
710382870
2047657241
211431095
1026353229
710382870
997362063
805844021
1410760691
611727899
362174061
76076769
1026353229
611727899
1804901146
271970476
1532634941
1011034171
1764669073
76432029
365227039
397890497
1955614205
2057757545
909221992
1737108126
1139092716
2047657241
2076591269
743809600
1496115990
953714904
81506321
211431095
1966234531
1153112330
1873098424
1050202844
1240396135
1731814752
422224455
1804901146
457355376
1840181678
1162589316
1428272282
1013130408
1804901146
1796248859
942122739
1050202844
987324476
81506321
611727899
422224455
1432525275
1190621066
1976293371
383230992
288133022
536092717
383230992
1467151122
1153305844
811349981
611727899
1982854538
1654407527
1714079516
953714904
1416395454
994591401
1985455864
1611199154
2018928410
829315030
1788582965
1947871139
1804901146
312494415
1804901146
536092717
983995818
1832413606
1609243062
2134068105
1466499782
1532634941
811349981
1888164270
383230992
279652674
987079367
9044933
765531321
2080704588
237802049
268450320
1508793851
1599714734
1731814752
1120317321
1840181678
1050202844
332490907
284930193
792019455
302112516
287987110
611727899
455201944
997362063
1785564746
288133022
423922286
1090787629
1128840180
2021461699
859945042
397890497
1206683866
1674878753
611727899
312494415
1950484633
667352486
1611199154
455201944
869486618
1416395454
502168383
948856131
1947269811
1554328006
1184986020
1432525275
515633516
1886639457
507125968
1654407527
84968359
457355376
591104415
1240396135
156283729
1886639457
2018928410
9044933
1070917933
1622569936
407316445
1190621066
1654407527
829315030
1433253295
598242239
1013130408
757271092
987079367
1966234531
598242239
287987110
1153112330
112933197
362174061
2057757545
1840181678
1840181678
1433253295
710382870
295390668
633253123
770726100
502168383
1947871139
1162589316
81506321
1162589316
948856131
531748094
471556795
757271092
1466499782
983995818
1496115990
829315030
1508793851
1764669073
81506321
422224455
1410760691
296695862
471556795
296695862
112933197
1788582965
1253385757
1120317321
2021461699
1543302417
1616304905
1629518305
246147579
1654407527
1947269811
356327763
829315030
948856131
1242322194
362174061
1966234531
76076769
1153112330
1714079516
976234053
1947871139
432551883
1162589316
1515479553
1496115990
1950484633
987324476
332490907
1616304905
287987110
1013130408
1731814752
1001672600
667352486
792019455
110324300
2129740752
515633516
586703159
1247661489
1120317321
364060666
743809600
365227039
1873098424
515633516
1040445497
407316445
397890497
1496115990
1890081779
2062048454
531376584
1135252883
84968359
1433253295
1190621066
1030812810
1596314453
770726100
1001672600
792019455
1737108126
211431095
271970476
2051032880
1330067099
432551883
502168383
1496115990
2062048454
859945042
1955614205
987324476
953714904
1416395454
1467151122
611727899
1674878753
1103156956
953714904
2119687643
1090787629
364060666
400037408
1032345067
1622569936
1128840180
1410760691
1155987767
1915287891
1694333641
1832413606
1891735861
1814698261
987079367
365227039
1629518305
296695862
1629518305
1515479553
156283729
659825191
710382870
400037408
1804901146
312494415
1416395454
295390668
237802049
1155987767
288133022
909221992
1367336079
987324476
1764669073
907993815
1622569936
1584461527
2062048454
1554328006
1674878753
1840181678
356327763
1611199154
515633516
710382870
983995818
1206683866
811349981
765531321
1546367662
1796248859
1840181678
1070917933
1190621066
2119687643
1596314453
591104415
2021461699
356327763
997362063
1120317321
1929653908
987079367
1890081779
1950484633
1785564746
138875619
1466499782
423922286
1886639457
455201944
1674878753
288133022
1466499782
705638013
1796248859
862581347
1467151122
1674878753
1982854538
1694333641
502168383
987324476
362174061
1467151122
805844021
953714904
1242322194
633253123
2018928410
1011034171
112933197
1694333641
531376584
1584461527
1139092716
1950484633
2128869540
757271092
1814698261
246147579
295390668
954199240
9044933
536092717
401845560
1629518305
1599714734
1599714734
296695862
1070917933
156283729
1240396135
536092717
1240396135
1155987767
10768541
942122739
1616304905
1139092716
1153112330
237802049
1915287891
211431095
1654407527
1120317321
685316113
611727899
1832413606
1319562857
1508793851
1714079516
1432525275
335421207
1253385757
84968359
423922286
586703159
948856131
859945042
9044933
362174061
987079367
1929653908
1891735861
383230992
1135252883
1496115990
2076591269
942122739
869486618
1950484633
2018928410
1433253295
1976293371
1714079516
2057757545
81506321
1549806312
1788582965
1032345067
1416395454
502168383
757271092
659825191
2080704588
1240396135
1674878753
633253123
1549806312
383230992
907993815
1694333641
1153112330
1955799162
1050202844
1731814752
284930193
2062048454
994591401
1731814752
1616304905
2051032880
1515479553
869486618
598242239
2033627568
1508793851
598242239
1135252883
705638013
1202430795
10768541
457355376
1796248859
1030812810
829315030
811349981
455201944
2128869540
335421207
1025402481
869486618
2076591269
1184986020
455201944
633253123
112933197
1915287891
1814698261
948856131
110324300
531748094
1240396135
805844021
422224455
1947269811
770726100
685316113
287987110
1184986020
335421207
633253123
1947871139
1416316315
954199240
268450320
1433253295
1802876255
942122739
1367336079
2129740752
811349981
859945042
515633516
1515479553
1737108126
1788582965
1153112330
84968359
659825191
356327763
1554328006
953714904
1184986020
1549806312
765531321
2094442262
76076769
1560696933
333280371
757271092
1467151122
237802049
365227039
1162589316
333280371
862581347
407316445
2051032880
1966234531
790665691
2080704588
332490907
743809600
2119687643
1560696933
1873098424
1268088473
400037408
811349981
1240396135
507125968
1888164270
295390668
1955799162
611727899
2128869540
2057757545
610868303
531748094
1432525275
1694333641
1013130408
1560696933
2076591269
1658603703
942122739
110324300
859945042
1103156956
1611199154
610868303
365227039
1515479553
211431095
112933197
1026353229
1050202844
1070917933
1622569936
138875619
2128869540
1873098424
