1000504972
690108394
92600511
1558627949
854412737
2039206917
1259131546
920036084
1164205388
1076448299
1464318965
646250135
1701216066
741145104
1020610328
1445894107
217306897
1554817979
1244756357
1981886672
2097931334
397930445
752912357
1224335975
226426271
205314213
1857240809
971467718
139768285
1885939824
131992248
43104785
760132456
165971989
2057445317
701758825
480382451
1396824884
144596384
1427421131
1127128080
688390373
1282592622
93349368
1259765666
840272689
610621351
2036180891
1940320092
1420606549
411081697
595189080
364039834
236579735
1203375548
131847790
1910166473
1434872708
1811731193
595529938
1797872946
1755690132
1458738744
1348756256
1856500507
1414113886
810560653
1604122050
969589912
791737548
924292424
1833551417
108331069
1801627674
436894218
634532833
189533229
766731302
1551110714
1213779265
1040944002
1744053152
1297027761
39078430
1808660675
528941440
1483967147
160763371
415548471
506332053
1592605357
682058891
96073351
1944591360
193363827
723082478
237249373
1720563179
1638042598
1989073693
483625402
66527519
1436515393
1503050577
920907978
785742317
1094176416
920554451
1286464969
751375987
1172369149
845826018
1603625033
1206159781
1829295234
1589107386
2021202410
1452576624
861220472
492692124
2127068883
486444972
210400275
1439338963
1714151333
1248329226
1901553839
563737419
36950569
405439200
251022469
1276753775
744095601
1217489526
1122274866
724801261
1207547843
1536133151
741464623
2095798867
1064779575
769086574
333977925
1792215864
1166393426
1343580966
774747357
985477338
1523734102
656561839
1063849787
174525187
1929639754
157308484
331321131
89152046
1582335163
2017083740
949566638
1415504009
552037797
969899139
1693948443
1000773222
903618850
117660366
1832816122
635129886
1634268412
833355354
315088944
5208306
1636653062
109978611
1574578657
502506218
1716305922
953284550
1625425230
382367123
1173164437
1327329552
367655428
874325977
1713582665
280660738
1190934754
1492820438
781653565
1093998256
73702978
1775370574
1515445800
941507180
1251663164
2100474983
199366248
674040816
627756587
117799998
2032127499
386953805
952117519
1338488036
1077218727
1528000479
1494599727
621392730
534637749
585068395
2064378799
1268673861
236450764
1183243598
1076580366
1536485387
219044134
687789180
1915760106
957782071
2053333032
306061534
752867373
468289887
20564554
2031075558
2034334241
968444600
869831587
1338297580
23708382
1182301579
276452562
1331081073
1142443112
390095557
68452208
1572508711
72662148
1462009940
493172606
1612595269
1645060943
1834797523
1724281788
1859678298
1136156048
2097593259
1158354861
1530888772
646016297
2066068094
1743367515
510944937
1811935453
1881044111
1601606090
1633523132
1192336276
1425880575
1004807152
2129887303
610989678
1784201839
1766145012
1080247850
898863212
1794031086
1610058522
1959627054
1642686186
576962270
1116205685
1799291250
1970805343
537628473
1458042782
389141157
1207720584
144423844
675024998
2136517932
382821637
222246647
825333996
791594799
672593628
2074671635
314193106
2128728216
457567292
194536737
1108828025
209527509
1803146330
191141846
2032953457
1383928029
283002746
1898357564
637719200
642673493
644973314
645460114
646016297
646250135
656561839
657776977
659930124
660097059
662584689
662918793
666001912
667043922
668690113
670088771
672593628
674040816
675024998
679844381
682058891
683268979
684362003
685633927
687165480
687789180
688390373
690108394
691513254
691868438
692714022
692856450
692915719
693769616
694730838
698449026
700061229
701758825
703380651
709288940
710263307
712089138
723082478
724801261
725049274
730154846
733145451
740642335
741145104
741464623
744095601
744287109
746790691
747654940
751375987
752867373
752912357
754332548
755631994
760132456
765673165
766731302
767833853
769086574
771933435
773549165
774747357
777729329
778185354
780719786
781653565
785742317
785834448
791594799
791726621
791737548
792840019
796924599
797258153
797563958
798201082
798741186
802196042
807053738
809159784
809366820
810560653
814708169
823308279
825333996
825365468
831282055
831935009
833355354
840272689
842978931
845826018
847066070
851035749
852909875
854412737
861220472
861737640
863354235
863880842
864126433
864937795
865396600
865463563
866723642
869831587
872346866
874325977
882832315
884673583
887642798
888510697
891068695
892804440
895981491
898863212
901155668
903618850
909757983
911837062
918665401
920036084
920346527
920554451
920623288
920907978
924292424
925415275
929556006
935717367
936530518
939218704
939362210
939931833
940334239
941507180
946871331
949566638
950145116
951258809
952117519
953284550
954701203
955317063
957782071
958733548
959230112
961045195
963334733
963962342
967754697
968444600
969370118
969589912
969899139
970342527
971467718
973525681
976731827
978685497
978893881
979113733
985477338
990937764
994546093
997274058
1000504972
1000773222
1004807152
1006017332
1009113082
1011780575
1012423289
1012719649
1014891458
1018586204
1020610328
1021962813
1023028056
1023127781
1027552772
1031690964
1034259816
1035150297
1036376122
1036566396
1037895036
1039901646
1040944002
1045448361
1050936768
1056065596
1058642905
1058708680
1059749348
1060834720
1061880179
1062083278
1062566187
1063555630
1063849787
1064779575
1068376521
1072088694
1073717074
1076448299
1076580366
1076625489
1077218727
1078156581
1080247850
1080935040
1089240686
1093415880
1093998256
1094176416
1096969881
1099912602
1105107532
1106669544
1107344810
1108828025
1109830327
1109990823
1113501185
1116205685
1116744423
1118351217
1121872246
1122274866
1123671819
1127128080
1136156048
1142443112
1142559714
1142827621
1143382311
1145779599
1147119652
1150870499
1158354861
1159860620
1160506333
1162897595
1164205388
1166393426
1166848578
1172369149
1173164437
1175377228
1176795109
1181273800
1182021116
1182301579
1182337658
1183243598
1183456677
1184073108
1187997147
1189895706
1190934754
1192336276
1195114351
1203375548
1204179899
1206159781
1206881728
1207547843
1207720584
1209409878
1212635847
1213779265
1213817116
1217489526
1220607079
1223448166
1224335975
1224456728
1228935150
1230971339
1235926557
1238075948
1243498395
1244756357
1246055799
1246907864
1248329226
1250337574
1251663164
1255819971
1258337013
1259131546
1259765666
1263165969
1267131661
1268005779
1268546723
1268673861
1271278244
1276753775
1278459310
1282592622
1285283042
1286464969
1290742067
1296120323
1297027761
1308235001
1308353951
1311444721
1315524517
1320390231
1320544703
1321086578
1321388042
1323216541
1327329552
1328243742
1331081073
1331395402
1336975247
1337629249
1338297580
1338488036
1343580966
1344591913
1347431286
1348756256
1351102977
1352025575
1354238362
1355140129
1357069200
1358158328
1360767163
1367303838
1371297073
1371348007
1373402253
1377955351
1379657413
1380244144
1381263814
1381293840
1383928029
1386498437
1387442657
1392627084
1393624638
1396824884
1399460138
1405045036
1405209450
1408408942
1409772118
1414113886
1415504009
1415948703
1416710569
1419792824
1420606549
1421577768
1424755079
1425880575
1426132869
1427421131
1431061883
1432236574
1432828448
1434270594
1434831164
1434872708
1436515393
1437248527
1438960596
1439338963
1440428267
1441916337
1443952678
1444964304
1445894107
1451454045
1452576624
1456291409
1457568774
1457603945
1458042782
1458738744
1462009940
1464318965
1464622784
1470960450
1471165995
1471684503
1472777428
1476529528
1477560091
1479716600
1482836847
1483967147
1485208815
1485637422
1491734935
1492820438
1494599727
1496106614
1497216549
1500814252
1503050577
1503338894
1510595270
1512583470
1515445800
1521203632
1523734102
1524790343
1526278556
1528000479
1530888772
1531509427
1536133151
1536485387
1538957088
1539362393
1543349135
1550013403
1551110714
1554817979
1557487195
1558627949
1563730299
1564330960
1568083821
1571469862
1572319526
1572508711
1573045429
1573177902
1574578657
1575563741
1578229401
1579594966
1582335163
1583558914
1589107386
1591358691
1592605357
1595216500
1598742372
1601606090
1603542286
1603625033
1604122050
1610058522
1610091920
1611688315
1612595269
1617428215
1617866352
1623721992
1625425230
1628653882
1631311441
1633523132
1634268412
1635042822
1636124161
1636653062
1638042598
1638960463
1642686186
1645060943
1646125760
1648113454
1651553577
1652459228
1652647144
1658441944
1663984782
1668633432
1672869160
1673079429
1673554711
1673788779
1675971147
1676411354
1677105759
1677456795
1679292045
1679621300
1679621300
1680035159
1681290723
1682036884
1686565683
1687523909
1691354706
1693948443
1695873748
1701216066
1701803246
1701973901
1702124624
1708374373
1709616873
1711047307
1711356861
1713582665
1714151333
1715563193
1716305922
1716521989
1717602574
1718136088
1720563179
1721325857
1724281788
1728651332
1731018510
1731757192
1736263940
1739560723
1743367515
1744053152
1745486888
1749456324
1755690132
1755809715
1756372608
1756740583
1760425630
1761423479
1766145012
1767191151
1768417172
1769601722
1769977052
1771508596
1775370574
1776071668
1780820582
1781140623
1784201839
1786180391
1786538448
1788086334
1790358456
1792215864
1794031086
1797191293
1797310257
1797388105
1797872946
1799174401
1799291250
1800618769
1800720204
1801627674
1803146330
1803897920
1808660675
1811344326
1811731193
1811935453
1812792084
1813591725
1814508759
1814769365
1816319904
1820817115
1826756686
1829295234
1832816122
1833551417
1834797523
1836118447
1840040960
1840703018
1850087966
1855391017
1855895228
1856500507
1857240809
1858236011
1859678298
1860351638
1861912118
1864957467
1867490376
1873404090
1881044111
1884807778
1885939824
1892898472
1895465747
1898357564
1901553839
1907650054
1910166473
1913826391
1915760106
1929639754
1933799525
1938534595
1938841665
1938921653
1940079828
1940320092
1944094058
1944591360
1944807217
1947448046
1958157739
1959627054
1961398716
1962914599
1965610132
1967637140
1968608269
1970805343
1971238268
1976374650
1978607968
1979380609
1981886672
1984869631
1985713260
1986886440
1989073693
1989699349
1995108513
1999039176
1999697507
2004933224
2005161862
2009515944
2010485890
2011630512
2013657537
2014402236
2017083740
2019944776
2020884873
2021202410
2022831694
2026427477
2030851357
2031075558
2032127499
2032279422
2032953457
2034334241
2036180891
2039206917
2039689118
2044791963
2045823729
2053333032
2054670583
2056272699
2057445317
2060179840
2064378799
2066068094
2067436411
2074671635
2077646785
2082403211
2085696741
2086853595
2088538417
2090430631
2090944942
2091091515
2091898924
2094268279
2095798867
2097593259
2097931334
2098626111
2100474983
2103711068
2107239902
2114059714
2118682068
2125407265
2127044369
2127068883
2128728216
2129887303
2130403321
2131968562
2133253054
2133950128
2136517932
