1742618057
799706213
1709658965
907027895
1578904859
198539234
1806802047
1503235349
1878887335
1859893857
464088867
280981765
143984602
1882619292
158385746
1256994389
1508060384
1368871994
639292847
734193588
150597854
1362396012
1319129370
2133633609
1298128857
1365329726
1233936687
524319330
1109575669
2037761982
596429118
1878005677
2074253380
1874515909
1403781073
1093147969
815314898
2051822826
693833056
415968982
1131409489
1779071085
1432908414
1010096640
835998945
1796249941
247648861
411098941
885008988
874322194
1650001784
1123649977
213971721
1335089769
1944603727
401215996
138593192
1463504596
1991535881
1063429825
1706158441
55779496
1183119180
1132970687
100838460
427399737
2122064191
124448761
2108737596
1630149531
326799091
1396637058
1282772096
962285239
428666316
1934620974
124810791
1750924865
825791214
2033606784
1626976683
687833930
520389709
1636428579
632060124
1580386006
1469856746
1377938581
550081619
304670198
991003338
2057419281
264171773
1086290462
1525311687
1401229170
1152987188
1510721835
1002722364
1450593739
1894610629
1980807534
1140728144
1631399439
2006650024
1683760880
1577093641
1969653013
497770986
1588156637
1074349496
549475296
851617772
161386749
155244282
2145500116
1022532835
1545214551
901215486
526510911
1436255537
1430618079
1171141941
1694977632
1118483569
1428981992
1590715143
1125486898
1022331910
315751723
407116724
527880926
839777525
878334591
366881459
751130876
1347755866
75331306
1225391859
792799483
1592364793
933867037
1692798583
1002429025
815412460
1544063713
886434043
1202901462
753818976
1429495979
1639360064
509404638
1693933924
756752389
1339244389
904341716
1529450993
103584761
1487324057
745774919
1524499741
639754630
2052929528
2114304394
702043049
962367925
1818369918
503431369
85449603
1632401425
1667159550
1731414441
1479093037
1993458834
1170246191
1672492911
1174899594
425342193
1900660535
582362620
1685574961
2001581950
256503395
1052880236
492875172
908589325
2052055105
302778915
1416464662
1665347239
1336674522
662259987
195859108
1859080952
1833980061
870099836
1551791229
1913776635
1981323326
1219709700
1929517285
246455648
1831604520
1746571542
673935551
1006051379
1566774022
326508240
803271595
1503492123
1899520659
751819511
36742429
1202197514
1807466822
1938690539
1949996689
846415156
767849164
1011664525
1417638376
2064605614
785786272
1832928101
369677292
496055873
679539857
708341853
1599668050
1273139557
129475791
698684926
356969486
1664325131
1337974542
1036859657
1817943441
1925567018
426311236
1007497060
94530825
1789160642
1356884800
1033986107
766828825
1042696128
1127263776
821549398
1608365623
1424360972
1234643295
1662861751
365266999
1534189067
279499540
1002032791
598358563
2093933087
1918869820
1683137741
1841414703
1270076404
186670848
2050817716
980818462
531416462
131988961
2135343823
2124408144
864561186
805497500
259571812
1084157227
31769394
1372260502
1755371981
406542181
1608954960
591929696
1418147768
2036022370
1423541292
343183417
1890097324
1287618044
803754689
1032918393
1628803
1605488257
309110844
463013015
1526490024
1878186306
815117689
884814810
1905739842
50929489
1273430117
717950417
2029529673
1822448810
337892509
1012636095
566946190
279673591
1779824301
1207307844
1797437252
875432015
975410508
1981730405
1619035512
364559047
373058038
1481679073
359809299
938341
738311658
643523640
974171188
479831988
735127831
820034426
1916034983
1282672516
1436127826
1431662949
1552402855
1455956582
1833599756
920764642
524177812
878566290
2113562905
1124739308
1342488662
1743746852
444010955
2133931007
2001529749
1526644835
185127489
1881386767
918174541
2089506892
542254453
1897477350
769663500
1440438619
868716902
1931139608
1743034545
1357169088
1517047229
2086920619
24437082
544660597
1535350265
468401503
1896494666
1433562688
1269061523
309435057
1617093612
2086784099
2024912736
1534999943
1022990590
648768248
1073468317
771885372
128735677
1144490810
446017491
1498043207
513902621
2129606560
187509371
1111488248
1970222530
1479708617
1602093659
1238160727
650799259
848931842
116117826
1677150106
2138964667
702907489
458625476
799566049
1501406264
1202226798
152159363
1836874011
116593605
1083633171
1961378437
1013409209
675771306
1794814606
1893777280
859612773
1389382442
1761008863
656337487
1588133017
677368156
715785145
2145025168
1630016387
236531530
393194113
606275372
2007755836
941790341
1715782797
751057263
110542175
308980570
420981544
1625676790
315368749
412923647
1488071672
426038342
715934896
366922931
1448150780
1637988009
1071596370
1522326848
627163978
895238770
1007576508
1429813361
531148397
2069071447
681113858
1392772896
762310772
269707002
1775087444
1051847184
310239384
103031972
786533922
1513779769
857811574
1181401907
188050787
1621132372
1246746715
1074095226
570926700
608112104
665455855
221721409
587593518
1554448120
1470987085
1048193331
1176957776
657468715
1273329190
1169153975
495487775
1868935006
2094824820
1873840822
795012099
125096259
106334600
459227896
187020754
1489236917
682958234
178945623
1061979961
960614310
262650024
1280058783
456790235
19441620
337792996
1487604751
1168431683
1240828013
382718474
635869753
1184311199
1839881197
1266244826
213848812
1416841853
1562345435
1057174176
1794164401
1703200080
1874213697
619471283
453132725
824696813
819878353
1440399719
214924602
170291560
1642031116
304619015
130770657
986661318
2095533139
893656373
182033893
1426926323
1400824612
796031823
83728351
620606472
204901425
1361963834
497964665
548352296
1304709595
298643648
634508897
1934724524
1865175641
1188203028
677858143
361062066
1728840487
1168321099
1529726372
436912320
938773147
397927120
697029082
444486789
1541338457
180213038
888587396
887083334
1378117064
1402361753
860956846
356897236
450019381
38331733
2143826078
804263580
995914842
853204776
1064359213
146513381
1434135005
150575107
980087183
1125712191
513864067
1481629482
1673817009
1954178210
258278252
818130777
2133660945
1757565009
757541778
1721603430
1941671979
519451241
895982432
621401860
688085659
456231718
1369864636
142757765
590522656
1392346605
40088876
1611357421
167902430
142628852
571365512
1540774447
1438315203
1687686189
977768947
817825385
1295904895
494422391
1142895294
1547467490
111655613
1842663860
789821633
935763724
1358162287
1029873646
368173502
991661107
227640982
1293609167
564827541
1178761847
913718954
218900181
415854756
1359096754
1703074986
1919242486
1504084262
1114182597
9505939
852526895
408631481
216598061
378829562
1846918826
1436074844
541194475
1262296280
422629247
1401333700
762339251
748353555
1913962053
802676358
89278452
1559357158
225326518
1049118365
1691618685
499236162
443565905
1096426598
84657679
1207436639
1814611170
1754663143
1378003797
1646166931
1095785016
39007240
612170345
152835638
318126054
1657792195
1060585187
1140967809
1364481800
2015229934
2004903901
253959030
1239410621
182931247
1476369472
1315658466
1780208550
1222929846
215936285
2141262212
663040658
431694723
1293449895
35426684
563307769
1405757607
2100500202
623221981
1214088248
1939053989
1616049898
1724952077
240323639
1850144313
1959743678
1455302107
1571256666
504378303
968183812
781734965
314604409
451563149
214636745
1774729902
1485089731
1848163483
880188573
1461985875
88712151
631470839
266207599
942679692
1630719525
1316753661
859798092
209071581
582815375
705093658
694345860
444731222
1354556594
558533511
621698340
1376057725
1150789532
1081939442
1412162545
226627171
1434356866
1731909287
1206035171
1882458611
1752787473
2065872812
608746588
591810208
1557396599
1633949757
1920171710
2089166501
1263753857
1297805769
230157004
630717981
497825075
349746813
531944252
412620903
694820558
1980529567
763904069
1278445917
1266638784
392649977
50916208
1050216350
818099757
1612307805
1108620789
1021479351
1019178139
997413701
274724225
200208525
1945288473
1172323783
83359656
866400548
1654883576
1567549535
475653349
1371702509
967118218
52165783
576986905
1530246130
582550438
547264793
206915850
858666457
517034959
1087720151
1931774593
1677809205
331539678
1614787828
1988178057
463056679
112867225
731390274
279939690
1957182900
1365979201
1412244777
1608700395
608423035
1596305878
599689575
841931654
575558695
1148640777
1475036156
381452924
840607373
1940688045
1162341679
1965345841
1121575180
1850080541
887927674
536553915
577815652
426611430
1757890324
1930143689
37009441
1394900904
20519229
1269298283
2141176730
1373828331
188586573
2036153086
1473001457
544005183
1257225402
1095728581
1237987842
2040088358
1041124904
489505772
113658347
1142875846
1220604954
1943665734
1816236821
1159692089
383359651
674713357
1193734939
1310889499
1085075120
426411516
545419373
1403196615
2007580598
144048922
816161885
1254747806
256961902
169072797
485634198
1616107186
540307846
1393108206
2102898648
131714610
1819293860
999739034
701890310
542767199
1925264784
1789115339
595477279
912833133
363292163
555375120
1225711978
1878072222
1045191548
118114776
880150404
820479492
806324657
1276697629
1947933426
528892267
657516536
2077056737
1745896774
70528010
2100774573
939608084
1545811397
194987973
102816889
1466601235
349656379
1159503661
1511417549
1958169327
764988614
179040909
515968116
337159026
1569889196
1143630130
1012954260
1619378051
1826644726
2139176017
2107583292
1557115026
1196519640
868718972
1965930098
203764344
1578396290
240954639
1717943078
551678031
1365762918
2072143690
776694431
1497695351
1109937770
1681142548
520460657
681367968
1368632372
906933187
2134631150
883931268
2088434977
1853931871
1192721574
1459133120
1534582747
453628359
564882863
2108558701
770944913
1502310440
1366327301
820310536
114164812
1065098513
1834510246
1190984543
182140514
1071421823
736199066
1644411895
1663666022
997747814
1595194122
1241759306
1002574396
1111179210
1071188158
1103958705
2122728502
552105503
2107833881
1473797055
1030718887
1689237107
1274244009
1512131379
1070608255
2094947219
1783517168
996297750
846288591
788154856
839530096
1014762682
1948755547
1461378032
610113085
2083688817
1542115690
358266187
1983142368
1727577536
1416740112
1999868095
1516513468
1705934080
579911463
1291168555
347650950
1813996810
19049211
185025874
173543462
462173208
296755657
1115298865
1590753039
1762404970
498387719
1216169933
418711785
2132542923
146838431
454799414
919451425
2075259810
1609715743
493507695
801985151
1357064285
1903106855
895473567
658842393
738415219
236589720
1371193443
1001180544
1307028763
622194578
1126395203
1255828516
1240585696
605063949
974722298
1152403170
